nv 0 0 0 0
0 49 54 149 255
5 62 102 164 255
10 69 117 180 255
15 95 161 200 255
25 116 173 209 255
50 150 203 229 255
75 171 217 233 255
100 203 237 243 255
150 224 243 248 255
200 245 247 210 255
250 255 255 191 255
350 254 227 154 255
450 254 224 144 255
600 253 186 124 255
800 253 174 97 255
1000 246 123 81 255
1250 244 109 67 255
1500 229 65 53 255
2000 215 48 39 255
2500 201 32 39 255
3500 184 20 38 255
5000 171 15 38 255
7500 168 7 38 255
10000 166 3 38 255
15000 165 1 38 255
20000 165 0 38 255
