nv 0 0 0 0
0 255 255 204 255
0.0001 255 249 189 255
0.0002 255 243 175 255
0.0003 255 237 160 255
0.0004 255 230 146 255
0.0005 254 224 132 255
0.0006 254 217 118 255
0.0007 254 204 104 255
0.0008 254 191 90 255
0.0009 254 178 76 255
0.001 254 166 71 255
0.00125 253 153 65 255
0.0015 253 141 60 255
0.00175 253 120 54 255
0.002 252 99 48 255
0.0025 252 78 42 255
0.003 244 61 37 255
0.0035 235 43 33 255
0.004 227 26 28 255
0.0045 214 17 31 255
0.005 202 9 35 255
0.006 189 0 38 255
0.007 169 0 38 255
0.008 148 0 38 255
0.009 128 0 38 255
