nv 0 0 0 0
0 247 251 255 255
0.0001 234 245 255 255
0.0003 221 238 255 255
0.0005 207 230 255 255
0.0008 192 222 254 255
0.0012 177 214 252 255
0.0016 162 205 250 255
0.002 146 195 247 255
0.003 127 184 242 255
0.004 109 172 236 255
0.005 90 160 230 255
0.006 74 149 223 255
0.008 58 137 215 255
0.01 47 127 206 255
0.0125 39 117 196 255
0.015 32 108 186 255
0.0175 26 98 176 255
0.02 21 90 166 255
0.025 17 81 153 255
0.03 14 72 140 255
0.035 11 64 127 255
0.04 8 57 114 255
0.045 6 51 102 255
0.05 5 45 91 255
0.055 4 40 79 255
0.06 3 35 68 255
