nv 0 0 0 0
0 255 255 204 255
0.0001 240 249 200 255
0.0003 225 243 196 255
0.0005 210 237 192 255
0.0008 195 231 189 255
0.0012 180 225 185 255
0.0016 165 219 181 255
0.002 149 214 182 255
0.003 134 208 184 255
0.004 119 202 187 255
0.005 103 196 190 255
0.006 88 191 192 255
0.008 73 185 195 255
0.01 63 178 195 255
0.0125 60 169 193 255
0.015 57 160 191 255
0.0175 53 151 189 255
0.02 50 142 187 255
0.025 47 134 185 255
0.03 44 124 183 255
0.035 43 112 177 255
0.04 41 100 171 255
0.045 40 88 165 255
0.05 39 76 160 255
0.055 38 64 154 255
0.06 37 52 148 255
