nv 0 0 0 0
0 255 255 229 255
0.00006574 255 253 212 255
0.00013148 247 252 185 255
0.00019722 238 248 168 255
0.0003287 229 245 160 255
0.0006574 217 240 163 255
0.000986101 205 236 161 255
0.001314801 194 230 155 255
0.001972201 181 224 143 255
0.002629601 168 217 140 255
0.003287002 154 211 135 255
0.004601802 140 207 126 255
0.005916603 127 201 122 255
0.007888804 110 196 111 255
0.010518405 95 185 97 255
0.013148007 80 173 83 255
0.016435008 65 163 69 255
0.01972201 53 152 60 255
0.026296014 43 140 58 255
0.032870017 35 139 50 255
0.046018024 31 127 45 255
0.065740034 27 116 39 255
0.098610051 24 105 32 255
0.131480068 19 95 27 255
0.197220102 13 84 22 255
0.262960136 0 69 41 255
