nv 0 0 0 0
0 247 252 253 255
0.00025 230 245 251 255
0.0005 212 239 249 255
0.00075 194 232 246 255
0.00125 176 225 242 255
0.0025 156 217 238 255
0.00375 135 209 233 255
0.005 115 199 227 255
0.0075 95 190 221 255
0.01 75 179 214 255
0.0125 63 168 207 255
0.0175 51 156 199 255
0.0225 40 143 190 255
0.03 31 130 181 255
0.04 25 117 170 255
0.05 21 105 159 255
0.0625 18 94 147 255
0.075 16 83 135 255
0.1 14 73 122 255
0.125 12 64 110 255
0.175 10 55 97 255
0.25 8 46 84 255
0.375 7 39 71 255
0.5 6 31 58 255
0.75 4 24 46 255
1 3 18 35 255
