nv 0 0 0 0
0 255 255 255 255
0.0000119771 237 243 255 255
0.0000239542 219 231 255 255
0.0000359314 201 219 255 255
0.0000598856 183 207 255 255
0.000119771 164 194 255 255
0.000179657 145 181 255 255
0.000239542 125 167 255 255
0.000359314 105 153 255 255
0.000479085 85 139 247 255
0.000598856 65 125 234 255
0.000838398 52 111 221 255
0.001077941 43 99 207 255
0.001437254 36 88 192 255
0.001916339 29 77 177 255
0.002395424 23 67 162 255
0.00299428 18 58 146 255
0.003593136 14 49 131 255
0.004790847 11 42 115 255
0.005988559 9 36 100 255
0.008383983 7 30 85 255
0.011977118 6 24 70 255
0.017965678 5 19 57 255
0.023954237 3 14 43 255
0.035931355 2 10 30 255
0.047908474 0 6 18 255
