nv 0 0 0 0
0 247 252 253 255
0.0000117043 234 243 255 255
0.0000234085 221 234 255 255
0.0000351128 207 224 252 255
0.0000585214 193 214 248 255
0.000117043 179 203 243 255
0.000175564 166 191 238 255
0.000234085 152 178 232 255
0.000351128 138 164 224 255
0.000468171 124 150 214 255
0.000585214 110 136 204 255
0.000819299 97 122 194 255
0.001053384 88 105 183 255
0.001404512 81 88 171 255
0.001872683 74 71 159 255
0.002340854 67 55 147 255
0.002926068 60 42 134 255
0.003511281 53 30 121 255
0.004681708 47 20 108 255
0.005852135 41 12 94 255
0.00819299 35 8 82 255
0.011704271 29 6 63 255
0.017556406 23 5 47 255
0.023408541 18 4 35 255
0.035112812 12 3 24 255
0.046817083 7 2 15 255
