nv 0 0 0 0
0 255 255 204 255
0.00057258 255 243 175 255
0.001145159 255 230 145 255
0.001717739 255 217 117 255
0.002862899 255 204 89 255
0.005725797 255 191 63 255
0.008588696 255 179 38 255
0.011451595 255 165 15 255
0.017177392 255 152 6 255
0.02290319 251 140 0 255
0.028628987 245 124 0 255
0.040080582 239 108 0 255
0.051532177 232 92 0 255
0.068709569 230 81 0 255
0.091612759 221 74 0 255
0.114515948 216 67 21 255
0.143144935 209 56 20 255
0.171773922 203 43 18 255
0.229031897 196 22 16 255
0.286289871 189 0 38 255
0.400805819 177 0 34 255
0.572579741 165 0 30 255
0.858869612 153 0 26 255
1.145159483 139 0 22 255
1.717739224 128 0 38 255
2.290318966 115 0 34 255
