nv 0 0 0 0
-517.8793335 103 0 13 255
-400 165 15 21 255
-300 203 24 29 255
-200 239 59 44 255
-100 251 106 74 255
-75 252 138 106 255
-50 252 146 114 255
-35 252 174 145 255
-25 253 187 161 255
-20 253 208 194 255
-15 254 224 210 255
-10 254 229 217 255
-5 255 245 240 255
0 255 255 255 255
5 239 243 255 255
10 222 235 247 255
15 214 230 244 255
20 198 219 239 255
25 188 212 234 255
35 158 202 225 255
50 107 174 214 255
75 66 146 198 255
100 33 113 181 255
200 8 81 156 255
300 8 59 122 255
505.3881226 8 48 107 255
